K:
[[ 5.  0. 64.]
 [ 0.  5. 64.]
 [ 0.  0.  1.]]
P_DEFAULT:
[[ 5.  0. 64.  0.]
 [ 0.  5. 64.  0.]
 [ 0.  0.  1.  0.]]
3D points:
[[ -5.65951447   6.56343891  -3.02109531  14.93571277  -7.26126078
    3.91454192  -2.26993934  -3.87459281  -8.52439065  14.2451209
   -5.87184196 -14.36078565   0.38837357 -14.9413334   -9.56987089]
 [ 11.43624824  -2.18464328   7.16243346  -9.56836302  -2.15646265
  -10.70646249  12.26660699  -8.78721794   4.30698028  -9.44926282
  -10.2040225    4.49997921  14.17596716  12.43114197  -8.17743513]
 [  1.08805421   1.13953743   1.12726915   2.268079     2.87981284
    2.66177442   2.29151231   2.75978406   2.88454854   2.86894736
    2.52547969   2.4117237    2.22302587   1.96509159   2.08410169]
 [  1.           1.           1.           1.           1.
    1.           1.           1.           1.           1.
    1.           1.           1.           1.           1.        ]]
2D points:
[[ 37.99249776  92.79869816  50.59993801  96.92590947  51.39282517
   71.35325632  59.04707146  56.98026089  49.22404715  88.82638948
   52.3747987   34.22713323  64.87352463  25.983112    41.04077752]
 [116.55366928  54.41434173  95.76895878  42.90646     60.25589792
   43.88848641  90.765309    48.07988133  71.46560548  47.53182954
   43.7978528   73.32938382  95.88439531  95.62993016  44.38139129]]
2D pixel coordinates:
[[ 43  40]
 [ 95  25]
 [ 95  64]
 [ 72  33]
 [ 43  51]
 [ 47  88]
 [ 70  48]
 [ 47  56]
 [ 90  58]
 [ 43  70]
 [ 59  50]
 [ 42  96]
 [ 95  50]
 [ 53  92]
 [116  37]]