1446206202131537
1446206202222402
1446206202313390
1446206202404254
1446206202495116
1446206202586098
1446206202676965
1446206202767828
1446206202858690
1446206202949678
1446206203040539
1446206203131401
1446206203222262
1446206203313251
1446206203404114
1446206203494980
1446206203585966
1446206203676829
1446206203767691
1446206203858555
1446206203949542
1446206204040403
1446206204131266
1446206204222131
1446206204313118
1446206204403978
1446206204494843
1446206204585831
1446206204676693
1446206204767556
1446206204858419
1446206204949406
1446206205040269
1446206205131130
1446206205221995
1446206205312982
1446206205403842
1446206205494707
1446206205585693
1446206205676557
1446206205767422
1446206205858281
1446206205949269
1446206206040131
1446206206130994
1446206206221856
1446206206312846
1446206206403708
1446206206494572
1446206206585571
1446206206676419
1446206206767284
1446206206858147
1446206206949135
1446206207039997
1446206207130858
1446206207221721
1446206207312708
1446206207403572
1446206207494434
1446206207585422
1446206207676284
1446206207767147
1446206207858011
1446206207948996
1446206208039859
1446206208130724
1446206208221587
1446206208312574
1446206208403435
1446206208494297
1446206208585288
1446206208676150
1446206208767010
1446206208857875
1446206208948863
1446206209039724
1446206209130588
1446206209221450
1446206209312439
1446206209403301
1446206209494162
1446206209585152
1446206209676013
1446206209766875
1446206209857738
1446206209948725
1446206210039588
1446206210130452
1446206210221313
1446206210312303
1446206210403163
1446206210494028
1446206210585013
1446206210675876
1446206210766741
1446206210857602
1446206210948592
1446206211039454
