1417176836400810
1417176836764383
1417176836946233
1417176837946091
1417176839218537
1417176839945808
1417176841036530
1417176842036388
1417176842399962
1417176842945384
1417176843399820
1417176843763394
1417176844036105
1417176844308816
1417176847308391
1417176847490117
1417176847762829
1417176847944676
1417176848217264
1417176848489974
1417176848762686
1417176848944536
1417176849217123
1417176849580819
1417176849944394
1417176850307968
1417176850762404
1417176851125977
1417176851944112
1417176852943971
1417176855398123
1417176857943263
1417176860033841
1417176861851711
1417176861942696
1417176862124422
1417176868941708
1417176887939022
1417176889575166
1417176890302313
1417176891029458
1417176891756607
1417176892483754
1417176893301889
1417176894029036
1417176894847045
1417176895574317
1417176896483189
1417176897664897
1417176899482762
1417176900482622
